BU
11 343
43 242
11 32
307 397
58 135
361 483
447 426
317 172
131 312
423 492
Suc
305 181
360 65
341 386
255 169
11 415
388 239
D
335.67841753678476 269.0074348414928 329.6012742693814 216.0092590608097 251.24689052802225 307.14817271147814 283.17662332897464 15.0 217.8003673091485 332.63343187358663
446.1894216585597 363.0674868395682 350.5567001213926 336.2038072360276 310.00645154577023 418.0011961705373 371.33542788158525 115.31695452100702 336.82339586198583 431.62252026510384
332.78972339902566 330.9682764254 483.9586759218188 35.73513677041127 378.27238863020386 99.04039579888602 113.29607230614837 215.34158910902465 222.6566864030811 134.01492454200763
299.6865028659115 224.2164133153503 279.8303057211638 233.85465571589546 199.9124808509964 331.409112729267 320.80056109676616 62.07253821135398 189.274932307477 364.0782882842645
72.0 175.93464695732902 383.0 296.54679226051326 283.91724146307143 356.5445273735105 436.1387393937851 390.7492802296634 158.14234094637652 419.13363024219376
391.0818328687744 345.0130432317016 430.09068811124007 177.55280904564702 346.0 245.48930730278255 196.08671551127577 97.62171889492625 267.1666146808018 255.4094751570505
S
1 
2 5
4
6
3
U
2
2
1
1
1
L
1
1
1
1
1
P
5
R
5 9 10 11 8 7 6 5 4 3
V
10 15 18 19 20 16 17 19 20 12
12 13 18 19 20 12 19 20 16 10
13 10 20 12 19 20 15 18 13 11
μ
50 52 53 49 54 50
45 52 46 51 50 49
46 49 48 47 45 50
T
0.5
0.5
0.5
α
23 20 22 24 21 20 25 20