BU
140 172
332 278
274 197
199 264
200 474
415 453
125 110
442 440
Suc
196 387
438 154
84 202
140 256
D
222.17335573826128 298.54312921251426 63.52952069707436 84.0
174.28998823799375 163.1318485152424 259.3838853899756 193.25630649476875
205.38743875904387 169.54350474140847 190.06577808748213 146.4137971640651
123.03657992645927 263.09884074240995 130.64838307457157 59.53990258641679
87.09190547921202 398.80320961597084 295.70255325241953 226.10616975217638
228.72909740564273 299.88331063932185 415.40582566930857 338.2809483255006
285.9545418418809 316.07752213657966 100.72239075796404 146.76852523616907
251.6445906432324 286.02797066021355 429.89300994549797 353.63823322712153
S
1
2 3
4
U
2
2
1
2
1
L
1
1
1
1
0
P
8
