BU
40 189
273 444
385 294
498 319
115 113
190 377
142 351
141 292
45 433
199 358
325 256
117 139
137 38
393 137
225 30
479 418
308 429
419 10
389 124
324 90
Suc
274 36
247 239
431 139
387 274
377 166
301 402
397 315
132 196
310 400
490 57
210 334
90 218
D
279.5800422061632 408.0012254883556 280.86473612755304 360.9224293390479 176.6635219845908 351.1936787586018 341.5391632009424 288.4874347350331 458.31212072123947 330.6191162047349 225.83400983908513 187.77113729218343 137.01459776242822 156.0833110873805 49.36598018878993 433.5308524199864 394.46799616698945 147.31259280862582 144.80676779764127 73.59347797189639
212.9530464679949 206.6422028531442 148.5563866011825 263.4406954135978 182.4828759089466 149.30840565755165 153.52198539622916 118.51160280748886 280.07141946296485 128.3160161476345 79.83107164506812 164.01219466856725 229.13096691630312 178.10109488714548 210.1547049199708 293.027302482209 199.55199823604875 286.40006983239374 182.72657168567466 167.72000476985446
394.18396720313217 343.49526925417763 161.68178623456632 192.06509313251067 317.0678160898706 338.71079108879894 358.42014452315595 327.88565079917726 485.2133551335948 319.03761533712606 157.87653403846943 314.0 310.8649224341659 38.05259518088089 233.0600780914655 283.0989226401259 315.0063491423625 129.5569372901351 44.598206241955516 117.6860229593982
357.2590096834508 204.68512403201166 20.09975124224178 119.77478866606278 316.07752213657966 222.3015969353347 256.81510858981795 246.6576574931336 377.1538147758816 205.91260281974002 64.5600495662759 301.8691769624716 343.7964514069335 137.13132391981054 292.88222889072665 170.88007490635061 173.97126199461795 265.9323222175146 150.0133327407934 194.48650338776724
337.78395462188547 296.8164415931166 128.2497563350512 195.0640920313116 267.30693967796645 281.93970986719836 299.0819285747636 267.52943763257156 426.04342501674637 261.8167297939534 103.94229168149026 261.3981637272917 272.0 33.12099032335839 203.9607805437114 271.8602582210206 271.9007171744863 161.55494421403512 43.68065933568311 92.65527507918802
336.8827689271151 50.47771785649585 136.82105101189657 213.77090541044166 343.68153863715173 113.78049041905207 166.97904060090895 194.164878389476 257.87012234844116 111.08555261599052 147.95945390545344 320.97507691408066 399.23927662493327 280.515596714336 379.68407920269715 178.71765441612084 27.892651361962706 409.3751335877645 291.5956103922005 312.84660778087397
378.5828839237189 178.932948335403 24.186773244895647 101.07917688624102 346.88326566728466 216.08563117431015 257.5286391840721 257.0311265197272 371.25193602188796 202.6153992173349 93.08598175880189 330.7204257375102 379.90656746100086 178.04493814764857 332.8798582071315 131.65485179058157 144.62710672622887 305.7924132479418 191.1674658512792 236.54597861726586
92.26592003551474 285.2805636562014 271.31715758499314 386.1152677633973 84.72307831990054 190.06577808748213 155.32224567009067 96.42095207992918 252.46385879963097 175.30829986055994 202.11135544545735 58.9406481131655 158.07909412695912 267.58550035455954 190.2761151589973 411.93810214642684 292.00171232374646 342.0014619851792 266.8951104835006 219.31712199461307
S
1 3
2 5
4
6 7
8
U
2
2
1
2
1
L
1
1
1
1
0
P
8
R
5 9 10 11 8 7 6 5 4 3 9 6 4 8 10 2 3 5 8 9 
V
10 15 18 19 20 16 17 19 20 12 13 18 19 20 12 16 19 13 11 12
12 13 18 19 20 12 19 20 16 10 15 18 13 11 12 20 12 13 10 19
13 10 20 12 19 20 15 18 13 11 11 12 20 16 13 18 10 15 15 18
μ
50 52 53 49 54 50 55 51
45 52 46 51 50 49 51 50
46 49 48 47 45 50 51 52
T
0.1
0.1
0.1
α
23 20 22 24 21 20 25 20