D
285.8548582760139 280.6439024814186 466.5190242637485 241.50569351466643 435.343542504078 171.04677722775136 261.81863951980193 489.29541179128177 170.26156348395253 413.6786192202831 399.7911955008514 461.68604050804913 177.1016657177453 437.068644494203 197.6486782146544 172.0523176246109 100.72239075796404 461.971860614908 457.1881450781505 229.0785891348207
187.25650856512306 269.71281022598833 136.49908424601244 215.84485168750263 317.6476034853718 327.8795510549568 298.88626599427414 223.80795338861395 300.22158483360255 71.56814934033156 55.57877292636101 279.0161285660741 333.2221481234403 74.65252842335616 304.13319450530224 346.5862086119412 359.99027764649423 31.78049716414141 51.66236541235796 345.7817230566127
240.7093683262037 479.26297582851106 250.9222987301049 367.4955782046908 56.515484603779164 442.19113514406865 164.2224101637776 188.403821617291 404.63440288734716 401.9950248448356 315.3173005085512 113.50770898930169 453.67940222143653 291.2541845192958 441.1995013596457 246.07315985291854 326.20392394942155 393.6953136627359 410.7468806941813 188.13027401245128
91.02197536858887 216.12265036316762 152.0526224699857 131.24404748406687 272.97618943783357 245.9044529893674 209.267771049438 221.02036105300343 213.3377603707323 102.1077861869505 51.66236541235796 250.49151682242655 253.30021713374035 98.35141076771599 226.37358503146962 247.1639132235934 259.33183375744676 123.4908903522847 128.47178678604885 252.04959829366916
90.82400563727631 315.0063491423625 217.4488445588985 203.48218595248088 166.5893153836704 274.8108440364026 32.7566787083184 217.20497231877542 237.00843866833097 280.4460732476032 211.15160430363773 185.58555978308226 286.2254356272342 217.33154395991392 273.36605495196363 112.32987136109433 176.81911661356077 295.01525384291574 304.5931712957466 83.6719785830358
161.0496817755316 401.31907505126145 151.02979838429235 292.138665705175 63.702433234531945 383.7199499635118 139.98928530426892 108.81176406988355 345.2491853719571 301.3171087077533 213.17832910500073 63.150613615387776 394.5592477689504 187.55532517100121 376.9416400452463 231.10170921046864 299.3008519867593 290.1930391997713 307.68327871367984 186.38937737972086
75.31268153505093 188.2817038376273 252.7152547829276 78.40918313565064 284.9719284420836 155.04837954651444 142.86357128393507 292.6380016334174 116.61903789690601 210.27838690650069 180.54362353736008 288.5636844788339 165.74679484080528 217.55459085020476 148.66068747318505 134.6291201783626 130.0 249.11242441917665 248.71268564349506 163.24827717314508
336.0014880919428 122.00409829181969 420.5948168962618 219.93862780330335 551.6013052921467 227.56317804073663 439.8465641561839 500.28192052081994 239.17566765873153 224.770994570029 302.7887052054617 533.3610409469368 221.0814329607984 355.78785814021256 202.94087809014724 420.86815037491255 371.84001936316645 279.7892063679369 257.2800031094527 460.15758170435487
S
1 3
2 5
4
6 7
8
U
2
2
1
2
1
L
1
1
1
1
0
P
6
