0 908 6703
1 2014 8800
2 812 1262
3 2793 2460
4 6401 1437
5 1686 8223
6 333 4053
7 2545 7633
8 4379 6813
9 6550 4672
10 8544 5954
11 8653 3958
12 1015 6835
13 580 2633
14 1388 9870
15 3806 5283
16 8155 3673
17 9630 573
18 9897 3703
19 9567 3642
20 1733 5178
21 3717 128
22 6594 3566
23 6154 9097
24 6532 5481
25 7693 5391
26 8714 5011
27 2877 5569
28 9796 2956
29 5257 3070
30 7779 6503
31 3478 9057
32 6953 8237
33 5359 3158
34 3447 101
35 3091 2876
36 8067 4675
37 3805 4467
38 5278 9972
39 6312 6720
40 9371 3878
41 6277 9779
42 5075 6370
43 8824 2339
44 143 2535
45 6891 1934
46 1481 1791
47 4518 2714
48 1774 2582
49 2645 2937
50 8404 4856
51 718 2579
52 4590 3571
53 1010 5381
54 6769 1279
55 5658 5375
56 184 6169
57 744 7657
58 2082 8182
59 7966 6835
60 3010 654
61 3398 8218
62 8388 5961
63 8358 7558
64 6876 746
65 6239 8334
66 8081 703
67 5792 8305
68 6127 5419
69 9254 7554
70 376 6605
71 8328 2876
72 6029 5875
73 266 384
74 3905 5053
75 8978 7777
76 8756 1453
77 3806 4890
78 4105 9135
79 1131 899
80 4974 6125
81 3252 7552
82 5633 7336
83 4361 689
84 2959 1927
85 3984 9465
86 7155 2762
87 7590 3194
88 9944 4341
89 4282 7609
90 4022 5925
91 1149 748
92 4638 7146
93 7098 9732
94 3482 6372
95 7353 7043
96 8874 4375
97 3720 1862
98 2705 5371
99 2498 8219