BU
40 423
358 467
453 272
84 259
83 384
203 419
330 19
86 221
20 79
294 98
380 30
232 112
404 83
65 500
78 58
66 129
369 18
372 431
109 258
457 184
S
393 207
208 425
215 41
383 436
487 442
39 36
364 36
473 104
D
413.84175719712 262.3451924468981 88.45903006477066 313.3448579440869 356.9719876965138 284.682279041039 198.27506146764904 307.31905245200795 394.3513661698156 147.24808997063425 177.47675904185314 186.93849255838134 124.4869471069156 439.8101863304214 348.4623365587736 336.17406205714326 190.51771571168914 224.98222151983475 288.54289109246827 68.00735254367721
168.01190434013895 155.76905982896602 288.84944175123485 207.20038610002638 131.55227098001768 7.810249675906654 423.9339571206817 237.69728648009425 393.77658640401665 338.11980125393427 430.82362980690834 313.9187793044564 394.1826987578222 161.47445618425226 389.34432062122085 328.29864452964165 437.6871028485989 164.1097193952875 194.1391253714717 346.5284981065771
420.17734351104656 449.36065693382636 331.6700167334997 254.33245958783948 367.52278840909986 378.1904282236662 117.08543888972702 221.45202640752692 198.66806487203723 97.41663102366043 165.36626016210198 73.00684899377592 193.61043360315063 482.8881858153086 138.0507153186828 173.04623659588788 155.7080601638849 420.41527089295886 241.50569351466643 281.092511461974
343.2462672775918 39.824615503479755 178.31432920547917 347.4622281630048 304.473315743761 180.8009955724802 420.3546122026021 366.6524239658044 509.13455981695057 349.521100936696 406.01108359255414 357.45908856818846 353.62409420173844 324.3763246601083 485.70464276142144 441.2912870202628 418.2343840479881 12.083045973594572 326.7414880299103 262.6404386228442
447.4036209062238 131.40015220691336 173.3666634621547 442.6036601746533 408.14213210596137 284.92981591964013 451.1961879271588 457.86679285573877 591.4879542306842 394.44264475332784 425.6677107791945 417.0431632337353 368.46980880392357 425.96713488249304 561.0142600683159 524.6046130182235 440.1136216933077 115.52488909321661 420.4045670541651 259.73832986296037
387.00129198750744 536.2107794515139 476.54170856284975 227.49505489130968 350.77058029430003 416.63533215511137 291.49614062625255 190.87692369692047 47.01063709417264 262.42903802742563 341.0527818388233 207.4246851269154 368.01358670570846 464.72787736480797 44.77722635447622 96.84007434941384 330.4905444940899 516.6372034609974 232.7745690577044 443.427558909006
504.7226961411583 431.0417613178565 252.22410669878485 357.9511139806664 447.286261805569 415.46359647988413 38.01315561749642 333.9296333061802 346.67708317683764 93.50935782048768 17.08800749063506 152.31546211727817 61.71709649683789 551.9936593838737 286.8449058289165 312.17463061562194 18.681541692269406 395.08100435227203 338.0961401731762 174.79416466232504
537.8196723809942 380.7807768257216 169.1862878604528 418.74335815628166 480.10415536631217 414.87950057817994 166.35504200354134 404.29939401389163 453.68932101163676 179.10053042914194 118.84864324004712 241.13274352522097 72.12489168102785 568.5771715431424 397.6694607334086 407.76709038371405 134.9518432626987 342.24260401066374 395.23663797780694 81.58431221748455
S
1 3
2 5
4
6 7
8
U
2
2
1
2
1
L
1
1
1
1
0
P
6
